0	0.0866507	0.362503	0.614552	0.952456	0.720359	0.50587	0.452484	0.230234	0.771014	0.317462	0.671195	0.530994	0.665177	0.702111	0.599663	0.620036	0.700047	0.644778	0.652289	0.759614	0.84165	0.613053	0.46975	0.0319833	0.685265	0.955042	0.603037	0.730168	0.739758	0.601297	0.753073	0.824849	0.904211	0.683084	0.949863	0.627663	0.633138	0.731357	0.799854	0.75128	0.744159	0.753363	0.190318	0.134245	0.14048	0.412149	0.168567	0.508099	0.139129	0.276782	0.820368	0.191487	0.715652	0.760616	0.754291	0.191571	0.761231	0.772002	0.952007	0.972534	0.0304206	0.969795	0.0419768	0.368875	0.798773	0.585273	0.388682	0.956234	0.81313	0.816979	0.186369	0.777613	0.773817	0.698469	0.988492	0.349917	0.131447	0.897159	0.899711	0.491256	0.735217	0.691778	0.623948	0.19872	0.252665	0.310421	0.54199	
0.0866507	0	0.858432	0.206992	0.631042	0.928949	0.80358	0.772184	0.549781	0.445054	0.433987	0.326957	0.230671	0.459275	0.550718	0.398332	0.444184	0.695864	0.29876	0.306554	0.439697	0.581739	0.270008	0.158656	0.0400399	0.336881	0.723923	0.27242	0.453542	0.471453	0.260274	0.407806	0.495255	0.62212	0.33955	0.696449	0.299422	0.306016	0.449026	0.59605	0.457018	0.445357	0.475511	0.479275	0.440463	0.00214049	0.165238	0.403249	0.206824	0.436021	0.609552	0.514704	0.482051	0.467792	0.451206	0.441556	0.481959	0.438398	0.450714	0.713647	0.760118	0.0400282	0.845166	0.781591	0.337321	0.0664828	0.175042	0.352026	0.17259	0.0765306	0.532918	0.517966	0.503213	0.496095	0.377022	0.808275	0.357325	0.635642	0.735971	0.741382	0.124245	0.412976	0.0834286	0.284594	0.473471	0.575497	0.650198	0.220264	
0.362503	0.858432	0	0.17626	0.41258	0.72731	0.98177	0.783579	0.661026	0.318456	0.321495	0.216154	0.261736	0.543779	0.647956	0.519074	0.573304	0.841735	0.886804	0.196417	0.336009	0.493556	0.179473	0.901252	0.675056	0.137433	0.78525	0.225834	0.434652	0.455631	0.0833134	0.196751	0.274169	0.561556	0.119778	0.223734	0.252015	0.259316	0.422583	0.592712	0.401684	0.388584	0.439618	0.573807	0.634333	0.111356	0.0011403	0.457205	0.238164	0.598989	0.193979	0.382904	0.319659	0.487996	0.733153	0.355444	0.320047	0.652587	0.163846	0.402248	0.455151	0.225078	0.69071	0.517712	0.106221	0.221659	0.0031082	0.256011	0.526957	0.26475	0.438501	0.782796	0.453633	0.445487	0.782137	0.513207	0.150077	0.403211	0.597386	0.60762	0.180902	0.616734	0.0261964	0.207268	0.542367	0.67566	0.754517	0.203762	
0.614552	0.206992	0.17626	0	0.0467168	0.291252	0.534998	0.691012	0.906834	0.00799307	0.00620648	0.00328287	0.0326587	0.10023	0.16176	0.107154	0.133615	0.351513	0.894008	0.00655785	0.00772637	0.0618623	0.0117969	0.774494	0.238626	0.0418129	0.718264	0.00884974	0.0334997	0.0410505	0.0661261	0.031854	0.0382202	0.128873	0.0608286	0.701166	0.00518277	0.00474447	0.0289339	0.110227	0.0212337	0.0175664	0.0339282	0.967372	0.00656885	0.39399	0.576741	0.0287334	0.813362	0.957027	0.959712	0.0254006	0.783446	0.0585944	0.967772	0.0102001	0.016447	0.102296	0.10306	0.182679	0.210851	0.556922	0.257364	0.199874	0.0766033	0.179241	0.233579	9.56059e-05	0.589198	0.199704	0.0374937	0.00388369	0.0390626	0.035928	0.0031949	0.247696	0.0407193	0.0870532	0.681334	0.68661	0.00527883	0.00437999	0.183718	0.00655019	0.958094	0.994705	0.874549	0.0241325	
0.952456	0.631042	0.41258	0.0467168	0	0.0376688	0.420636	0.294773	0.593405	0.702833	0.140643	0.610778	0.448007	0.55657	0.593403	0.489244	0.508024	0.603765	0.588244	0.594709	0.685523	0.75934	0.555229	0.40794	0.0175059	0.657313	0.907911	0.531906	0.636403	0.644805	0.581054	0.718196	0.784397	0.892964	0.664807	0.916762	0.552911	0.557347	0.639205	0.702856	0.664645	0.65842	0.662015	0.672002	0.1881	0.131607	0.441303	0.257447	0.428948	0.740452	0.690647	0.74972	0.716675	0.614887	0.681105	0.675595	0.271491	0.759088	0.769577	0.944757	0.964551	0.899662	0.92027	0.00101578	0.196362	0.603204	0.431538	0.193062	0.917363	0.626231	0.736461	0.672286	0.688155	0.684747	0.61961	0.00496855	0.169439	0.0231475	0.0844255	0.943205	0.240315	0.65957	0.502243	0.559592	0.826187	0.726659	0.541426	0.471662	
0.720359	0.928949	0.72731	0.291252	0.0376688	0	0.735298	0.0319954	0.198075	0.271743	0.255218	0.214207	0.0833324	0.163363	0.224285	0.116734	0.142876	0.356232	0.206261	0.208538	0.251029	0.322869	0.182999	0.0954973	0.14617	0.314313	0.520013	0.146199	0.203214	0.211826	0.284376	0.342486	0.38556	0.554853	0.343859	0.542038	0.154074	0.155548	0.204874	0.289505	0.226337	0.221068	0.225085	0.232986	0.609703	0.138804	0.360427	0.686216	0.0781921	0.299877	0.268164	0.311601	0.467904	0.192325	0.2431	0.238944	0.713017	0.456984	0.464505	0.627775	0.656804	0.223048	0.593771	0.623971	0.362296	0.0172559	0.356361	0.208995	0.818688	0.0068731	0.295261	0.242704	0.249263	0.245599	0.19482	0.689104	0.327187	0.475315	0.787708	0.791216	0.607829	0.22846	0.199019	0.174066	0.401232	0.285219	0.164365	0.112982	
0.50587	0.80358	0.98177	0.534998	0.420636	0.735298	0	0.178906	0.126647	0.203729	0.207667	0.123359	0.187787	0.438026	0.539413	0.425427	0.476937	0.752047	0.784094	0.108653	0.220873	0.363074	0.0993971	0.107305	0.694811	0.0586412	0.381846	0.14171	0.318385	0.337556	0.0254306	0.10144	0.163296	0.211659	0.0468866	0.316757	0.161411	0.167197	0.306472	0.467149	0.283647	0.272029	0.320029	0.298164	0.758278	0.165112	0.0134761	0.587119	0.170588	0.279723	0.690862	0.258967	0.116262	0.373191	0.603733	0.239499	0.645027	0.0769643	0.0838681	0.291591	0.342235	0.728811	0.563601	0.394836	0.0387891	0.213486	0.00795516	0.156284	0.418295	0.258018	0.311782	0.660296	0.330621	0.323146	0.656447	0.399831	0.067286	0.277569	0.297769	0.303377	0.125521	0.211398	0.0290663	0.121948	0.285664	0.309469	0.115103	0.132604	
0.452484	0.772184	0.783579	0.691012	0.294773	0.0319954	0.178906	0	0.0152133	0.0559806	0.0497129	0.0203889	0.00413084	0.114832	0.191669	0.101175	0.135438	0.393557	0.0176436	0.0182387	0.0513144	0.133547	0.0113253	0.00868195	0.369469	0.0698875	0.253218	0.00329223	0.0667041	0.0775817	0.0700408	0.0799167	0.108665	0.233609	0.0905961	0.24631	0.00673687	0.00787106	0.0624572	0.169598	0.0613363	0.0553148	0.0748213	0.0691544	0.873109	0.223754	0.217114	0.848031	0.00322774	0.0908256	0.0481389	0.0897233	0.445923	0.0877618	0.0560847	0.0516454	0.908904	0.161367	0.165551	0.306244	0.342479	0.541021	0.385429	0.332237	0.105929	0.080128	0.200641	0.0216801	0.516263	0.0967534	0.100164	0.0426124	0.0881864	0.0837158	0.026524	0.386552	0.0749979	0.189298	0.46825	0.472377	0.923477	0.0398394	0.117131	0.00836715	0.900853	0.094797	0.00626135	0.000241458	
0.230234	0.549781	0.661026	0.906834	0.593405	0.198075	0.126647	0.0152133	0	0.000722468	0.000362664	0.0206175	0.063687	0.0815299	0.125638	0.0998835	0.117238	0.291052	0.031812	0.0285022	0.00015536	0.0251964	0.0407909	0.964548	0.518776	0.0647624	0.0807467	0.0343524	0.0189288	0.0227802	0.105779	0.0394502	0.0276508	0.100796	0.0855457	0.0825	0.0246179	0.0226655	0.0155793	0.0677132	0.00753993	0.00631496	0.0156509	0.991893	0.981166	0.697799	0.789759	0.116578	0.968703	0.98609	0.995874	0.00417045	0.576136	0.0398076	0.971891	0.00124002	0.0535729	0.111727	0.110045	0.138052	0.1572	0.321478	0.178082	0.138292	0.103408	0.246491	0.300901	0.0108189	0.31395	0.263787	0.010565	0.953185	0.0158736	0.0141896	0.00666168	0.184914	0.0596258	0.0491664	0.309182	0.31128	0.0166895	0.00161555	0.261032	0.0312156	0.985002	0.999307	0.00151715	0.0599959	
0.771014	0.445054	0.318456	0.00799307	0.702833	0.271743	0.203729	0.0559806	0.000722468	0	0.0075874	0.00863421	0.933331	0.141434	0.862223	0.158317	0.183889	0.519774	0.918956	0.976452	0.95274	0.918473	0.964157	0.0424002	0.394105	0.808056	0.793584	0.9668	0.967101	0.917265	0.92771	0.963529	0.940479	0.923769	0.0377062	0.718091	0.975416	0.977031	0.811969	0.655152	0.0117439	0.988865	0.976979	0.0125059	0.016314	0.566104	0.695492	0.0517842	0.00908291	0.0141667	0.00308689	0.965965	0.0116193	0.949106	0.0111415	0.996337	0.0117155	0.0015741	0.965857	0.12021	0.146936	0.611442	0.223062	0.145308	0.0501345	0.245305	0.217945	0.00821647	0.676871	0.272022	0.962181	0.0367186	0.881063	0.978868	0.991653	0.18264	0.0209423	0.0501795	0.763604	0.768609	0.0447216	0.00469273	0.200021	0.971923	0.021522	0.00138295	0.00976044	0.0535893	
0.317462	0.433987	0.321495	0.00620648	0.140643	0.255218	0.207667	0.0497129	0.000362664	0.0075874	0	0.435975	0.0728571	0.912795	0.103029	0.896133	0.876797	0.394824	0.132184	0.102628	0.0888397	0.104957	0.028941	0.0413299	0.408661	0.714604	0.68807	0.0408874	0.0103372	0.0420181	0.120198	0.0750839	0.080749	0.841452	0.746151	0.65978	0.0697824	0.0806026	0.125223	0.267457	0.00794092	0.0231799	0.0106244	0.0118473	0.0211018	0.575607	0.6913	0.0499417	0.00692946	0.0173503	0.00209361	0.0119451	0.0109973	0.0119038	0.00737885	0.0185174	0.0110781	0.000781894	0.011997	0.699825	0.750582	0.502746	0.738025	0.246749	0.0824873	0.138359	0.217253	0.00287062	0.538869	0.157709	0.0513388	0.0439476	0.0736841	0.0674635	0.0624788	0.676015	0.0482728	0.121271	0.63461	0.640557	0.0379734	0.00430608	0.154422	0.0220563	0.0196718	0.000297189	0.00853062	0.947178	
0.671195	0.326957	0.216154	0.00328287	0.610778	0.214207	0.123359	0.0203889	0.0206175	0.00863421	0.435975	0	0.0229438	0.0199786	0.189778	0.860659	0.829181	0.593012	0.0734184	0.0648987	0.0694092	0.136573	0.00343782	0.00634754	0.187407	0.340519	0.393545	0.0088236	0.0304451	0.0973434	0.0625315	0.0539159	0.108556	0.132342	0.890985	0.942163	0.0545929	0.110334	0.184616	0.367225	0.0266985	0.066438	0.0420334	0.0534039	0.0550029	0.151359	0.110741	0.11567	0.0382946	0.0583173	0.00654387	0.0536616	0.0516575	0.0535846	0.023705	0.0571547	0.0518127	0.0224676	0.0537594	0.659013	0.578741	0.0299696	0.708485	0.248588	0.695447	0.129911	0.0315017	0.534898	0.640101	0.156319	0.0806187	0.0448036	0.0987007	0.0847133	0.0467415	0.781265	0.269481	0.466368	0.59903	0.589655	0.0220504	0.0358424	0.30514	0.00264242	0.0665053	0.0153576	0.00121227	0.00485218	
0.530994	0.230671	0.261736	0.0326587	0.448007	0.0833324	0.187787	0.00413084	0.063687	0.933331	0.0728571	0.0229438	0	0.92721	0.690112	0.60686	0.508195	0.36687	0.977023	0.964757	0.942278	0.826386	0.0214739	0.0393193	0.0649088	0.0122501	0.249064	0.0165829	0.898645	0.795578	0.893672	0.955678	0.853514	0.153293	0.0170655	0.210947	0.904448	0.798288	0.695607	0.484775	0.036998	0.83928	0.87703	0.0924901	0.144008	0.76749	0.735154	0.140032	0.0639763	0.866358	0.0436477	0.860481	0.0911688	0.860616	0.034447	0.853306	0.0911734	0.792753	0.860313	0.228596	0.272394	0.590478	0.414825	0.294001	0.0216627	0.665171	0.0851976	0.0391384	0.406441	0.653547	0.872247	0.154621	0.815034	0.837405	0.00137806	0.324642	0.0170884	0.163987	0.324015	0.32889	0.00232899	0.0782252	0.0632044	0.979132	0.0937304	0.926245	0.0355851	0.0336485	
0.665177	0.459275	0.543779	0.10023	0.55657	0.163363	0.438026	0.114832	0.0815299	0.141434	0.912795	0.0199786	0.92721	0	0.902715	0.729135	0.671266	0.573365	0.883404	0.918252	0.935733	0.926792	0.136367	0.180137	0.138191	0.046505	0.0699131	0.142419	0.041729	0.0199016	0.34597	0.781921	0.9472	0.0698298	0.0627353	0.0630277	0.0665359	0.88759	0.843969	0.708142	0.0470205	0.0263806	0.0389234	0.0575394	0.142285	0.26695	0.418783	0.0392839	0.0492849	0.109937	0.0967198	0.0580304	0.0585606	0.0581534	0.050414	0.0290363	0.0583329	0.074566	0.0578885	0.106244	0.126811	0.324622	0.175577	0.116678	0.0776541	0.454625	0.271675	0.0139402	0.271643	0.455762	0.215555	0.235302	0.00915927	0.0163143	0.069273	0.156183	0.0407748	0.0336719	0.258972	0.261194	0.0814749	0.0687893	0.920984	0.120731	0.0416772	0.0796524	0.114908	0.967565	
0.702111	0.550718	0.647956	0.16176	0.593403	0.224285	0.539413	0.191669	0.125638	0.862223	0.103029	0.189778	0.690112	0.902715	0	0.785452	0.795019	0.782045	0.638527	0.714599	0.771392	0.887731	0.212836	0.262621	0.198758	0.249016	0.0205037	0.746056	0.0846041	0.0313566	0.647888	0.774391	0.76	0.129433	0.272368	0.0516498	0.751348	0.849281	0.88876	0.981764	0.0912592	0.0495766	0.0729397	0.0835498	0.1734	0.361156	0.51983	0.0417149	0.083821	0.135899	0.152991	0.0839055	0.0853775	0.0840618	0.0966288	0.0564163	0.0850811	0.117485	0.0837211	0.108316	0.0949653	0.084514	0.0195489	0.0523608	0.293651	0.230426	0.566553	0.160586	0.199718	0.245671	0.246801	0.289686	0.04034	0.0543378	0.133804	0.0876501	0.233285	0.0530216	0.271142	0.269536	0.149192	0.103575	0.693523	0.193246	0.0625627	0.127815	0.179628	0.771649	
0.599663	0.398332	0.519074	0.107154	0.489244	0.116734	0.425427	0.101175	0.0998835	0.158317	0.896133	0.860659	0.60686	0.729135	0.785452	0	0.987155	0.925336	0.460441	0.473409	0.485487	0.515856	0.132639	0.176866	0.0955648	0.427332	0.325653	0.133841	0.0507542	0.0406082	0.346946	0.319394	0.311105	0.650621	0.470494	0.392611	0.0488249	0.00193402	0.0107758	0.108165	0.0566431	0.0442593	0.05418	0.0822281	0.176822	0.220953	0.406845	0.0685767	0.0671082	0.143251	0.108127	0.0828917	0.0830476	0.0830235	0.0593096	0.0454293	0.0828076	0.0923918	0.0827417	0.507696	0.500708	0.321074	0.299002	0.424682	0.501292	0.596195	0.653306	0.243431	0.656206	0.628717	0.256013	0.263629	0.00415275	0.00904396	0.0529979	0.496243	0.738639	0.769224	0.726024	0.725434	0.0715852	0.0908568	0.627328	0.118889	0.0652064	0.0945307	0.121566	0.189448	
0.620036	0.444184	0.573304	0.133615	0.508024	0.142876	0.476937	0.135438	0.117238	0.183889	0.876797	0.829181	0.508195	0.671266	0.795019	0.987155	0	0.973606	0.368086	0.394062	0.418908	0.491838	0.167175	0.215138	0.121238	0.512532	0.327389	0.170286	0.066761	0.040209	0.392031	0.352172	0.323605	0.637069	0.555458	0.723773	0.0752769	0.00881073	0.00296539	0.0765128	0.0734406	0.0499927	0.0656563	0.089967	0.18855	0.265808	0.457922	0.0639088	0.0790406	0.151836	0.131886	0.0905701	0.0912157	0.090721	0.0771671	0.053345	0.0909368	0.109024	0.090396	0.516683	0.497703	0.250409	0.262398	0.414681	0.586465	0.513074	0.753542	0.319858	0.627339	0.548736	0.268926	0.288617	0.0134101	0.0219123	0.080202	0.479941	0.507798	0.380595	0.723145	0.721193	0.100717	0.10326	0.60064	0.151188	0.0700476	0.113904	0.149881	0.570698	
0.700047	0.695864	0.841735	0.351513	0.603765	0.356232	0.752047	0.393557	0.291052	0.519774	0.394824	0.593012	0.36687	0.573365	0.782045	0.925336	0.973606	0	0.248244	0.290373	0.331144	0.458098	0.502705	0.442921	0.656688	0.632887	0.345552	0.495131	0.679428	0.137474	0.265961	0.34546	0.427919	0.535691	0.671642	0.670273	0.644246	0.802804	0.891428	0.00194374	0.668413	0.177291	0.219679	0.219292	0.31774	0.550915	0.734864	0.133805	0.232616	0.272416	0.577163	0.219451	0.691512	0.21967	0.65971	0.191351	0.691992	0.280806	0.219187	0.52827	0.493917	0.172302	0.231761	0.40835	0.700174	0.393769	0.873641	0.444924	0.575129	0.430719	0.38712	0.43249	0.166711	0.192297	0.6334	0.458808	0.623872	0.427203	0.699362	0.695646	0.339443	0.25416	0.448715	0.526202	0.188436	0.298975	0.374002	0.439031	
0.644778	0.29876	0.886804	0.894008	0.588244	0.206261	0.784094	0.0176436	0.031812	0.918956	0.132184	0.0734184	0.977023	0.883404	0.638527	0.460441	0.368086	0.248244	0	0.990838	0.969968	0.856063	0.998887	0.967477	0.528729	0.0172498	0.264664	0.992339	0.812328	0.701027	0.99941	0.0412202	0.873017	0.121522	0.00933942	0.206726	0.797892	0.67266	0.566737	0.37126	0.0375044	0.749629	0.793684	0.791607	0.853755	0.715943	0.818346	0.138793	0.806796	0.824432	0.983189	0.791614	0.0683233	0.791816	0.0338507	0.764786	0.0684983	0.848405	0.791368	0.189848	0.234352	0.610825	0.438053	0.277952	0.00530043	0.603706	0.0423654	0.0990121	0.323507	0.582402	0.873379	0.978778	0.691583	0.716826	0.979593	0.286948	0.0209881	0.173202	0.224642	0.229519	0.0231193	0.976052	0.0716797	0.912095	0.761058	0.862389	0.00479692	0.10911	
0.652289	0.306554	0.196417	0.00655785	0.594709	0.208538	0.108653	0.0182387	0.0285022	0.976452	0.102628	0.0648987	0.964757	0.918252	0.714599	0.473409	0.394062	0.290373	0.990838	0	0.993879	0.916427	0.00207686	0.00293744	0.183043	0.0105692	0.189313	0.00610098	0.836325	0.745804	0.967112	0.995212	0.92931	0.0662139	0.00389391	0.136474	0.785917	0.686752	0.598145	0.426294	0.0343569	0.954913	0.0521703	0.0654565	0.0652529	0.707892	0.811531	0.132292	0.0484107	0.0700648	0.0112898	0.836409	0.0635366	0.836609	0.0308817	0.967646	0.0637066	0.921651	0.836169	0.121076	0.158768	0.5183	0.348871	0.19693	0.00173658	0.514094	0.0845548	0.0851507	0.246058	0.49463	0.927343	0.0482009	0.703408	0.724331	0.0473137	0.204958	0.0101816	0.111189	0.166014	0.170086	0.0226789	0.0459458	0.127166	0.00255373	0.0795945	0.022235	0.00357258	0.962135	
0.759614	0.439697	0.336009	0.00772637	0.685523	0.251029	0.220873	0.0513144	0.00015536	0.95274	0.0888397	0.0694092	0.942278	0.935733	0.771392	0.485487	0.418908	0.331144	0.969968	0.993879	0	0.954496	0.0322967	0.0467313	0.218702	0.0182813	0.135885	0.0443336	0.982682	0.77633	0.131393	0.99889	0.963745	0.0327679	0.0128621	0.0887499	0.0675308	0.693888	0.621876	0.473944	0.00579795	0.0182627	0.00739324	0.00900763	0.022356	0.568455	0.676484	0.0434923	0.00436208	0.0168612	0.00327834	0.994277	0.00828448	0.00908598	0.00553665	0.0141387	0.00834739	0.000151515	0.885945	0.0751541	0.106243	0.441897	0.279766	0.138808	0.012348	0.440603	0.13055	0.0846909	0.189875	0.423219	0.960017	0.0502876	0.708227	0.986153	0.0606949	0.145935	0.0145293	0.0708286	0.127493	0.130797	0.0378301	0.00279343	0.182647	0.0246615	0.0154855	0.000239074	0.0108697	0.95268	
0.84165	0.581739	0.493556	0.0618623	0.75934	0.322869	0.363074	0.133547	0.0251964	0.918473	0.104957	0.136573	0.826386	0.926792	0.887731	0.515856	0.491838	0.458098	0.856063	0.916427	0.954496	0	0.113179	0.139471	0.287043	0.0992411	0.039219	0.132134	0.981197	0.98417	0.853592	0.946776	0.998141	0.00114068	0.097532	0.0127044	0.687253	0.685524	0.666729	0.601524	0.03053	0.00941533	0.0155519	0.00487238	0.029622	0.361496	0.345102	0.00329304	0.0134205	0.014583	0.0485376	0.00478545	0.00542518	0.00480822	0.0335242	0.0118145	0.00537601	0.0230916	0.00475687	0.00475061	0.0143459	0.245759	0.123455	0.0284543	0.101251	0.250339	0.298441	0.136914	0.0766246	0.24044	0.996789	0.0994599	0.0735698	0.0791647	0.122551	0.0317423	0.0869511	0.0170182	0.0687732	0.0696118	0.103544	0.0126605	0.767146	0.098223	0.00312597	0.0317678	0.0707528	0.870002	
0.613053	0.270008	0.179473	0.0117969	0.555229	0.182999	0.0993971	0.0113253	0.0407909	0.964157	0.028941	0.00343782	0.0214739	0.136367	0.212836	0.132639	0.167175	0.502705	0.998887	0.00207686	0.0322967	0.113179	0	0.00129622	0.159961	0.0328976	0.200998	0.998736	0.0658603	0.0768103	0.0403789	0.0381263	0.0618273	0.164167	0.0489588	0.185244	0.991269	0.00573775	0.060109	0.167309	0.0419438	0.0464334	0.946508	0.926954	0.916028	0.743264	0.82595	0.152135	0.947912	0.914135	0.0192267	0.0620221	0.0799024	0.094992	0.0379824	0.0364381	0.0800689	0.102311	0.105366	0.231889	0.267941	0.506518	0.341204	0.266123	0.0618003	0.647547	0.174167	0.00720108	0.430501	0.645991	0.080083	0.0647758	0.0789508	0.0744943	0.0395557	0.312508	0.0356339	0.135257	0.379354	0.383402	0.0183703	0.969683	0.119116	0.00015372	0.915113	0.972869	0.00847432	0.00745156	
0.46975	0.158656	0.901252	0.774494	0.40794	0.0954973	0.107305	0.00868195	0.964548	0.0424002	0.0413299	0.00634754	0.0393193	0.180137	0.262621	0.176866	0.215138	0.442921	0.967477	0.00293744	0.0467313	0.139471	0.00129622	0	0.0819748	0.017227	0.211971	0.0115082	0.0952543	0.107848	0.0197599	0.0277427	0.0572672	0.148989	0.028252	0.185988	0.0165888	0.0184531	0.0880444	0.206809	0.88669	0.0693097	0.0977823	0.905221	0.910051	0.250216	0.15034	0.829064	0.926018	0.901863	0.914298	0.07686	0.466546	0.130965	0.895184	0.0541075	0.667035	0.075726	0.0792621	0.219509	0.258857	0.535923	0.364276	0.267544	0.0375251	0.647246	0.133126	0.015455	0.409398	0.641092	0.102592	0.91681	0.106864	0.1018	0.936774	0.306829	0.0205196	0.137845	0.344969	0.349362	0.0214448	0.918806	0.0947384	0.00504062	0.888824	0.95901	0.0498412	0.0161846	
0.0319833	0.0400399	0.675056	0.238626	0.0175059	0.14617	0.694811	0.369469	0.518776	0.394105	0.408661	0.187407	0.0649088	0.138191	0.198758	0.0955648	0.121238	0.656688	0.528729	0.183043	0.218702	0.287043	0.159961	0.0819748	0	0.288903	0.480893	0.575365	0.172731	0.180963	0.264886	0.31256	0.351412	0.519686	0.319463	0.50349	0.550591	0.130523	0.17424	0.257085	0.412983	0.189556	0.19333	0.200754	0.646508	0.155166	0.359324	0.721028	0.0614073	0.264795	0.412919	0.276335	0.236021	0.163208	0.405114	0.20685	0.156753	0.429751	0.43665	0.591522	0.620152	0.645555	0.55728	0.585793	0.464632	0.867941	0.663022	0.485305	0.0458703	0.875865	0.260225	0.425172	0.216295	0.212775	0.475462	0.652606	0.448155	0.204893	0.761202	0.764651	0.398577	0.434983	0.775117	0.150014	0.363535	0.250577	0.571898	0.0940783	
0.685265	0.336881	0.137433	0.0418129	0.657313	0.314313	0.0586412	0.0698875	0.0647624	0.808056	0.714604	0.340519	0.0122501	0.046505	0.249016	0.427332	0.512532	0.632887	0.0172498	0.0105692	0.0182813	0.0992411	0.0328976	0.017227	0.288903	0	0.996205	0.0400884	0.100328	0.187147	0.013386	0.0106495	0.0791059	0.828638	0.569076	0.516011	0.136691	0.225024	0.313215	0.49877	0.0929151	0.147011	0.112324	0.112722	0.0717023	0.689516	0.875909	0.196533	0.101487	0.0907441	0.0446751	0.112727	0.110195	0.11257	0.0881046	0.135042	0.110498	0.0704631	0.112917	0.102029	0.128865	0.491342	0.363992	0.189208	0.0799344	0.36545	0.131774	0.255543	0.128457	0.336462	0.0684904	0.0221564	0.209543	0.190151	0.124679	0.162097	0.762574	0.17103	0.0513156	0.0540619	0.0841731	0.0872498	0.731252	0.0375285	0.136917	0.0610926	0.0329676	0.93439	
0.955042	0.723923	0.78525	0.718264	0.907911	0.520013	0.381846	0.253218	0.0807467	0.793584	0.68807	0.393545	0.249064	0.0699131	0.0205037	0.325653	0.327389	0.345552	0.264664	0.189313	0.135885	0.039219	0.200998	0.211971	0.480893	0.996205	0	0.229785	0.121751	0.0855044	0.260529	0.138387	0.0380578	0.00662419	0.602963	0.558236	0.275667	0.213311	0.194413	0.217833	0.118509	0.0881458	0.0942576	0.0562151	0.0299212	0.517642	0.367643	0.0550464	0.082359	0.0287394	0.114199	0.0555816	0.0567582	0.0555366	0.121838	0.0923823	0.056826	0.0823397	0.0556273	0.0805697	0.101368	0.438708	0.323292	0.158379	0.105034	0.307289	0.176124	0.276843	0.0907753	0.279601	0.0310817	0.082705	0.214419	0.221798	0.26564	0.128277	0.721343	0.15841	0.027608	0.0296559	0.609228	0.0649737	0.691634	0.186722	0.0635312	0.095662	0.141103	0.1787	
0.603037	0.27242	0.225834	0.00884974	0.531906	0.146199	0.14171	0.00329223	0.0343524	0.9668	0.0408874	0.0088236	0.0165829	0.142419	0.746056	0.133841	0.170286	0.495131	0.992339	0.00610098	0.0443336	0.132134	0.998736	0.0115082	0.575365	0.0400884	0.229785	0	0.0759353	0.0877105	0.0416349	0.0502455	0.0794174	0.189218	0.0563158	0.213626	0.99888	0.00818637	0.0702171	0.604107	0.0252171	0.907379	0.935067	0.910819	0.0915127	0.734526	0.777311	0.12524	0.935208	0.893894	0.0162388	0.0789145	0.0655848	0.910388	0.0222205	0.91859	0.0656775	0.116252	0.120129	0.261344	0.299346	0.537673	0.372833	0.298114	0.0688824	0.681117	0.16557	0.0138462	0.463507	0.679524	0.0968373	0.0886244	0.0927081	0.0879224	0.0174508	0.345649	0.0443096	0.160479	0.407323	0.411608	0.00426018	0.0502474	0.103328	0.00200182	0.89951	0.961792	0.00877494	0.00333986	
0.730168	0.453542	0.434652	0.0334997	0.636403	0.203214	0.318385	0.0667041	0.0189288	0.967101	0.0103372	0.0304451	0.898645	0.041729	0.0846041	0.0507542	0.066761	0.679428	0.812328	0.836325	0.982682	0.981197	0.0658603	0.0952543	0.172731	0.100328	0.121751	0.0759353	0	0.977423	0.828332	0.0774661	0.0683118	0.167208	0.127443	0.135368	0.961851	0.964851	0.999816	0.0517044	0.00594851	0.00170419	0.00222725	0.0112672	0.0592434	0.245112	0.300202	0.0206147	0.00540039	0.0404407	0.028861	0.0115507	0.0113969	0.0115929	0.00755525	0.000919372	0.0113203	0.0155531	0.011504	0.208546	0.226946	0.34206	0.208457	0.196294	0.149069	0.539641	0.337764	0.016381	0.40009	0.550328	0.899783	0.12098	0.970347	0.0229866	0.049667	0.25333	0.0971866	0.0944147	0.402767	0.404844	0.0425053	0.0136957	0.264912	0.0537866	0.00711611	0.0184223	0.0424752	0.0454568	
0.739758	0.471453	0.455631	0.0410505	0.644805	0.211826	0.337556	0.0775817	0.0227802	0.917265	0.0420181	0.0973434	0.795578	0.0199016	0.0313566	0.0406082	0.040209	0.137474	0.701027	0.745804	0.77633	0.98417	0.0768103	0.107848	0.180963	0.187147	0.0855044	0.0877105	0.977423	0	0.717699	0.792582	0.107442	0.187561	0.21907	0.118929	0.907002	0.96602	0.967956	0.97971	0.00952899	0.000888675	0.00367835	0.0112768	0.0610805	0.261326	0.31909	0.0157941	0.00704211	0.0409332	0.035309	0.0115377	0.0115764	0.0115877	0.011564	0.000960678	0.0114841	0.0191019	0.0114813	0.202268	0.204598	0.218963	0.122352	0.156257	0.244806	0.433539	0.478864	0.0711506	0.365139	0.451838	0.115189	0.128417	0.0228486	0.0251775	0.0576769	0.213811	0.179059	0.091245	0.409703	0.40997	0.0512097	0.0155598	0.83148	0.0637791	0.00596595	0.0230741	0.0508092	0.860082	
0.601297	0.260274	0.0833134	0.0661261	0.581054	0.284376	0.0254306	0.0700408	0.105779	0.92771	0.120198	0.0625315	0.893672	0.34597	0.647888	0.346946	0.392031	0.265961	0.99941	0.967112	0.131393	0.853592	0.0403789	0.0197599	0.264886	0.013386	0.260529	0.0416349	0.828332	0.717699	0	0.0368102	0.0787191	0.124199	0.00749135	0.205449	0.817029	0.105532	0.588106	0.388945	0.128879	0.765803	0.809103	0.804735	0.125761	0.766514	0.925515	0.262293	0.821167	0.83336	0.0747916	0.804692	0.163404	0.804884	0.122585	0.780867	0.163734	0.861054	0.804457	0.194065	0.238724	0.608074	0.433752	0.279024	0.00483039	0.614181	0.0464954	0.0867538	0.335717	0.594315	0.875636	0.0563356	0.712827	0.737757	0.129634	0.291585	0.0173195	0.169548	0.238926	0.243832	0.0930709	0.135243	0.0676962	0.955851	0.192283	0.875072	0.0549245	0.0944327	
0.753073	0.407806	0.196751	0.031854	0.718196	0.342486	0.10144	0.0799167	0.0394502	0.963529	0.0750839	0.0539159	0.955678	0.781921	0.774391	0.319394	0.352172	0.34546	0.0412202	0.995212	0.99889	0.946776	0.0381263	0.0277427	0.31256	0.0106495	0.138387	0.0502455	0.0774661	0.792582	0.0368102	0	0.958789	0.0399348	0.00746289	0.0936362	0.140397	0.719573	0.644444	0.487577	0.0705982	0.109785	0.0818858	0.0746081	0.0356385	0.237723	0.0914871	0.144998	0.0704009	0.0510551	0.0295894	0.0744877	0.0725971	0.0743478	0.067265	0.100575	0.0728642	0.0445056	0.0746563	0.0863974	0.118868	0.450917	0.285138	0.148442	0.0083569	0.465267	0.12675	0.0683956	0.212946	0.449235	0.0341657	0.00592849	0.188555	0.173778	0.128201	0.160089	0.00767636	0.0715435	0.149972	0.153449	0.0858178	0.0550313	0.167572	0.0388757	0.0963666	0.039406	0.0255023	0.965812	
0.824849	0.495255	0.274169	0.0382202	0.784397	0.38556	0.163296	0.108665	0.0276508	0.940479	0.080749	0.108556	0.853514	0.9472	0.76	0.311105	0.323605	0.427919	0.873017	0.92931	0.963745	0.998141	0.0618273	0.0572672	0.351412	0.0791059	0.0380578	0.0794174	0.0683118	0.107442	0.0787191	0.958789	0	0.00173166	0.0798101	0.0128911	0.160926	0.719461	0.694204	0.613491	0.062175	0.0829789	0.0636439	0.0470911	0.0101098	0.305725	0.151564	0.10006	0.0514981	0.0213677	0.0299626	0.0468165	0.0457275	0.0466976	0.0606271	0.0772389	0.0459492	0.031929	0.0469572	0.0119791	0.0243661	0.260673	0.12998	0.0360837	0.0850527	0.283402	0.28248	0.108654	0.101033	0.274557	0.0095216	0.00321007	0.179435	0.170403	0.148766	0.0449075	0.0678951	0.0113682	0.0898196	0.0909911	0.104989	0.0348327	0.800903	0.0581952	0.065675	0.0319583	0.0347508	0.896091	
0.904211	0.62212	0.561556	0.128873	0.892964	0.554853	0.211659	0.233609	0.100796	0.923769	0.841452	0.132342	0.153293	0.0698298	0.129433	0.650621	0.637069	0.535691	0.121522	0.0662139	0.0327679	0.00114068	0.164167	0.148989	0.519686	0.828638	0.00662419	0.189218	0.167208	0.187561	0.124199	0.0399348	0.00173166	0	0.137842	0.000285804	0.303017	0.317242	0.34478	0.422969	0.15891	0.167823	0.151295	0.112848	0.0388629	0.452824	0.203344	0.159468	0.132226	0.0594414	0.113009	0.112138	0.111684	0.111978	0.158045	0.164521	0.111974	0.107535	0.112322	0.0169234	0.0189046	0.173812	0.0649018	0.0123572	0.148515	0.233778	0.384806	0.12168	0.10245	0.232835	0.0103468	0.0231658	0.309412	0.303403	0.287835	0.0285107	0.115885	0.00292307	0.123186	0.123208	0.230301	0.103474	0.759265	0.160532	0.136689	0.112101	0.122711	0.857528	
0.683084	0.33955	0.119778	0.0608286	0.664807	0.343859	0.0468866	0.0905961	0.0855457	0.0377062	0.746151	0.890985	0.0170655	0.0627353	0.272368	0.470494	0.555458	0.671642	0.00933942	0.00389391	0.0128621	0.097532	0.0489588	0.028252	0.319463	0.569076	0.602963	0.0563158	0.127443	0.21907	0.00749135	0.00746289	0.0798101	0.137842	0	0.990867	0.165424	0.262266	0.353443	0.537481	0.119132	0.176827	0.139651	0.137349	0.0852812	0.689937	0.0403963	0.226147	0.127085	0.10845	0.0637419	0.13729	0.134631	0.137114	0.113847	0.164218	0.134971	0.0922285	0.137503	0.147292	0.125344	0.0485997	0.0125763	0.0740771	0.374613	0.198029	0.650546	0.222551	0.216093	0.217331	0.0741506	0.0250024	0.245893	0.22517	0.15249	0.108186	0.58775	0.0949341	0.307631	0.305074	0.108437	0.109913	0.620279	0.0551558	0.164261	0.0822272	0.0501786	0.0180512	
0.949863	0.696449	0.223734	0.701166	0.916762	0.542038	0.316757	0.24631	0.0825	0.718091	0.65978	0.942163	0.210947	0.0630277	0.0516498	0.392611	0.723773	0.670273	0.206726	0.136474	0.0887499	0.0127044	0.185244	0.185988	0.50349	0.516011	0.558236	0.213626	0.135368	0.118929	0.205449	0.0936362	0.0128911	0.000285804	0.990867	0	0.287986	0.252707	0.250054	0.292287	0.130021	0.113342	0.11111	0.0709796	0.0241187	0.500583	0.304643	0.0876673	0.0958728	0.0316522	0.109108	0.0702813	0.0708948	0.0701894	0.131862	0.114924	0.071052	0.0862088	0.0703829	0.184997	0.153978	0.0181051	0.0148686	0.0985748	0.461162	0.151796	0.731838	0.306624	0.218502	0.173218	0.0126362	0.0515909	0.250513	0.25311	0.275622	0.126253	0.49258	0.147011	0.327591	0.324015	0.63798	0.0731744	0.526403	0.174697	0.0850106	0.0967209	0.130312	0.151015	
0.627663	0.299422	0.252015	0.00518277	0.552911	0.154074	0.161411	0.00673687	0.0246179	0.975416	0.0697824	0.0545929	0.904448	0.0665359	0.751348	0.0488249	0.0752769	0.644246	0.797892	0.785917	0.0675308	0.687253	0.991269	0.0165888	0.550591	0.136691	0.275667	0.99888	0.961851	0.907002	0.817029	0.140397	0.160926	0.303017	0.165424	0.287986	0	0.022161	0.900152	0.721478	0.0157923	0.92796	0.941872	0.0519889	0.0786068	0.706476	0.752241	0.103954	0.932894	0.855713	0.0106364	0.903334	0.0505819	0.903297	0.0134301	0.935429	0.0506552	0.929638	0.903367	0.368951	0.398086	0.510168	0.378141	0.36951	0.186055	0.725662	0.291553	0.0469149	0.582997	0.736621	0.775533	0.0846916	0.972559	0.982359	0.0173152	0.4341	0.141677	0.228958	0.558891	0.562278	0.00406629	0.0375883	0.176836	0.99662	0.0587747	0.938199	0.00630516	0.0168347	
0.633138	0.306016	0.259316	0.00474447	0.557347	0.155548	0.167197	0.00787106	0.0226655	0.977031	0.0806026	0.110334	0.798288	0.88759	0.849281	0.00193402	0.00881073	0.802804	0.67266	0.686752	0.693888	0.685524	0.00573775	0.0184531	0.130523	0.225024	0.213311	0.00818637	0.964851	0.96602	0.105532	0.719573	0.719461	0.317242	0.262266	0.252707	0.022161	0	0.982249	0.870488	0.0137212	0.0474309	0.0283983	0.0485551	0.0760766	0.699507	0.745152	0.0988095	0.0294718	0.0705604	0.00973675	0.954281	0.0472117	0.0489702	0.0115293	0.0393686	0.0472789	0.0222297	0.861573	0.353215	0.363421	0.350604	0.257705	0.309376	0.289845	0.604796	0.461942	0.0861466	0.545553	0.62663	0.772924	0.0846345	0.999509	0.955465	0.0173233	0.379547	0.223956	0.206582	0.574644	0.575907	0.00422895	0.0348579	0.338821	0.00281882	0.0549044	0.0154965	0.00621051	0.0864373	
0.731357	0.449026	0.422583	0.0289339	0.639205	0.204874	0.306472	0.0624572	0.0155793	0.811969	0.125223	0.184616	0.695607	0.843969	0.88876	0.0107758	0.00296539	0.891428	0.566737	0.598145	0.621876	0.666729	0.060109	0.0880444	0.17424	0.313215	0.194413	0.0702171	0.999816	0.967956	0.588106	0.644444	0.694204	0.34478	0.353443	0.250054	0.900152	0.982249	0	0.945997	0.00414473	0.00206357	0.00123993	0.00995576	0.0548709	0.240687	0.288493	0.0222677	0.0038771	0.0373612	0.0245018	0.0102299	0.00998479	0.0102647	0.0055238	0.000846714	0.00992242	0.0125275	0.0101919	0.356176	0.35188	0.249479	0.193	0.284026	0.383679	0.51006	0.588391	0.150597	0.516435	0.537911	0.988836	0.112956	0.996938	0.997543	0.04807	0.352286	0.307934	0.217073	0.581342	0.58097	0.039478	0.0113426	0.469321	0.0485463	0.00687814	0.0149738	0.0373089	0.758417	
0.799854	0.59605	0.592712	0.110227	0.702856	0.289505	0.467149	0.169598	0.0677132	0.655152	0.267457	0.367225	0.484775	0.708142	0.981764	0.108165	0.0765128	0.00194374	0.37126	0.426294	0.473944	0.601524	0.167309	0.206809	0.257085	0.49877	0.217833	0.604107	0.0517044	0.97971	0.388945	0.487577	0.613491	0.422969	0.537481	0.292287	0.721478	0.870488	0.945997	0	0.0552374	0.0181827	0.0353796	0.0317602	0.0882913	0.383331	0.447765	0.00523016	0.0392295	0.0611204	0.0970567	0.0318332	0.0331363	0.0319266	0.0599629	0.0238519	0.0329541	0.0624607	0.031721	0.390589	0.362191	0.121421	0.13767	0.28183	0.567222	0.349929	0.79151	0.322061	0.469004	0.383555	0.143156	0.188026	0.0533721	0.064887	0.133515	0.335558	0.487325	0.28707	0.584314	0.581207	0.130392	0.0478232	0.551695	0.148651	0.0197847	0.0736446	0.124378	0.566233	
0.75128	0.457018	0.401684	0.0212337	0.664645	0.226337	0.283647	0.0613363	0.00753993	0.0117439	0.00794092	0.0266985	0.036998	0.0470205	0.0912592	0.0566431	0.0734406	0.668413	0.0375044	0.0343569	0.00579795	0.03053	0.0419438	0.88669	0.412983	0.0929151	0.118509	0.0252171	0.00594851	0.00952899	0.128879	0.0705982	0.062175	0.15891	0.119132	0.130021	0.0157923	0.0137212	0.00414473	0.0552374	0	0.00147545	0.00683898	0.986716	0.0390291	0.54388	0.608539	0.0229737	0.928704	0.964245	0.016004	0.0176813	0.0048559	0.0187948	0.999897	0.00290936	0.00483209	0.162552	0.161779	0.200826	0.219937	0.344512	0.208357	0.191291	0.140176	0.194775	0.328116	0.0135849	0.391739	0.205235	0.0160057	0.912638	0.0106842	0.00905851	0.00265509	0.247139	0.0897405	0.0894073	0.391949	0.3941	0.0404422	0.992852	0.258951	0.0292473	0.00491679	0.994713	0.0281382	0.0439438	
0.744159	0.445357	0.388584	0.0175664	0.65842	0.221068	0.272029	0.0553148	0.00631496	0.988865	0.0231799	0.066438	0.83928	0.0263806	0.0495766	0.0442593	0.0499927	0.177291	0.749629	0.954913	0.0182627	0.00941533	0.0464334	0.0693097	0.189556	0.147011	0.0881458	0.907379	0.00170419	0.000888675	0.765803	0.109785	0.0829789	0.167823	0.176827	0.113342	0.92796	0.0474309	0.00206357	0.0181827	0.00147545	0	0.000271738	0.00624368	0.0391543	0.556151	0.25477	0.0272221	0.000713795	0.0261991	0.0130777	0.0181923	0.00598186	0.993474	0.00223029	0.999603	0.0059678	0.00442868	0.835714	0.191916	0.200219	0.257506	0.144941	0.159122	0.200945	0.463862	0.42268	0.0448382	0.365458	0.478948	0.00636119	0.0859461	0.000347555	0.000430852	0.0500714	0.215968	0.14037	0.0813994	0.394449	0.395381	0.0358522	0.00470147	0.353268	0.0363101	0.00686055	0.00598937	0.023967	0.0932035	
0.753363	0.475511	0.439618	0.0339282	0.662015	0.225085	0.320029	0.0748213	0.0156509	0.976979	0.0106244	0.0420334	0.87703	0.0389234	0.0729397	0.05418	0.0656563	0.219679	0.793684	0.0521703	0.00739324	0.0155519	0.946508	0.0977823	0.19333	0.112324	0.0942576	0.935067	0.00222725	0.00367835	0.809103	0.0818858	0.0636439	0.151295	0.139651	0.11111	0.941872	0.0283983	0.00123993	0.0353796	0.00683898	0.000271738	0	0.00652251	0.048862	0.522133	0.301879	0.015286	0.00326639	0.0312959	0.0277066	0.0120945	0.794588	0.994502	0.00860885	0.00346074	0.00661972	0.993883	0.173273	0.183842	0.197692	0.296016	0.169461	0.164191	0.161872	0.491244	0.369708	0.0251152	0.36504	0.502989	0.00664276	0.908072	0.00267398	0.00188208	0.946061	0.219449	0.107069	0.0757224	0.378844	0.380393	0.049967	0.00947988	0.304692	0.957397	0.00332841	0.0164427	0.042648	0.0677959	
0.190318	0.479275	0.573807	0.967372	0.672002	0.232986	0.298164	0.0691544	0.991893	0.0125059	0.0118473	0.0534039	0.0924901	0.0575394	0.0835498	0.0822281	0.089967	0.219292	0.791607	0.0654565	0.00900763	0.00487238	0.926954	0.905221	0.200754	0.112722	0.0562151	0.910819	0.0112672	0.0112768	0.804735	0.0746081	0.0470911	0.112848	0.137349	0.0709796	0.0519889	0.0485551	0.00995576	0.0317602	0.986716	0.00624368	0.00652251	0	0.0394026	0.528839	0.592667	0.0182597	0.000881493	0.990555	0.976982	0.00348708	0.777545	0.0235135	0.985074	0.00674933	0.999987	0.156437	0.152866	0.135274	0.145096	0.247215	0.124426	0.114163	0.158335	0.421907	0.385283	0.0357911	0.298605	0.432213	0.000175297	0.926203	0.00374058	0.00354397	0.909971	0.162915	0.104752	0.0442302	0.319448	0.320501	0.930623	0.998088	0.341769	0.938985	0.00305039	0.996443	0.0337553	0.0988577	
0.134245	0.440463	0.634333	0.00656885	0.1881	0.609703	0.758278	0.873109	0.981166	0.016314	0.0211018	0.0550029	0.144008	0.142285	0.1734	0.176822	0.18855	0.31774	0.853755	0.0652529	0.022356	0.029622	0.916028	0.910051	0.646508	0.0717023	0.0299212	0.0915127	0.0592434	0.0610805	0.125761	0.0356385	0.0101098	0.0388629	0.0852812	0.0241187	0.0786068	0.0760766	0.0548709	0.0882913	0.0390291	0.0391543	0.048862	0.0394026	0	0.105664	0.343799	0.77741	0.483938	0.0137239	0.967641	0.00850287	0.285602	0.0863994	0.0267945	0.0275607	0.0568544	0.079441	0.0753467	0.058401	0.071198	0.252026	0.116844	0.0612702	0.0991391	0.358431	0.318297	0.0462717	0.19481	0.359168	0.0213544	0.976605	0.0417475	0.0409251	0.046771	0.09252	0.0621613	0.0075421	0.197508	0.198809	0.888064	0.0308419	0.32348	0.0791301	0.00250083	0.0235704	0.954137	0.129972	
0.14048	0.00214049	0.111356	0.39399	0.131607	0.138804	0.165112	0.223754	0.697799	0.566104	0.575607	0.151359	0.76749	0.26695	0.361156	0.220953	0.265808	0.550915	0.715943	0.707892	0.568455	0.361496	0.743264	0.250216	0.155166	0.689516	0.517642	0.734526	0.245112	0.261326	0.766514	0.237723	0.305725	0.452824	0.689937	0.500583	0.706476	0.699507	0.240687	0.383331	0.54388	0.556151	0.522133	0.528839	0.105664	0	0.867015	0.136684	0.0610775	0.302821	0.59447	0.301334	0.178988	0.262085	0.553964	0.564096	0.357551	0.596783	0.313571	0.54626	0.592655	0.0648503	0.65591	0.597301	0.694133	0.0263792	0.857519	0.658473	0.189448	0.0373913	0.31519	0.592098	0.288136	0.281601	0.62821	0.643955	0.669318	0.384067	0.303806	0.654381	0.263583	0.594302	0.935841	0.726135	0.417759	0.306215	0.338038	0.784849	
0.412149	0.165238	0.0011403	0.576741	0.441303	0.360427	0.0134761	0.217114	0.789759	0.695492	0.6913	0.110741	0.735154	0.418783	0.51983	0.406845	0.457922	0.734864	0.818346	0.811531	0.676484	0.345102	0.82595	0.15034	0.359324	0.875909	0.367643	0.777311	0.300202	0.31909	0.925515	0.0914871	0.151564	0.203344	0.0403963	0.304643	0.752241	0.745152	0.288493	0.447765	0.608539	0.25477	0.301879	0.592667	0.343799	0.867015	0	0.0474663	0.157603	0.26299	0.730329	0.242873	0.145588	0.354267	0.645767	0.656105	0.674684	0.865787	0.0785799	0.283359	0.333698	0.716699	0.549208	0.383725	0.0334569	0.698145	0.0117365	0.142293	0.41586	0.674778	0.294338	0.70081	0.312426	0.30505	0.696482	0.391189	0.0589757	0.264474	0.298155	0.303731	0.264016	0.688006	0.0290313	0.798062	0.607301	0.291956	0.236147	0.12039	
0.168567	0.403249	0.457205	0.0287334	0.257447	0.686216	0.587119	0.848031	0.116578	0.0517842	0.0499417	0.11567	0.140032	0.0392839	0.0417149	0.0685767	0.0639088	0.133805	0.138793	0.132292	0.0434923	0.00329304	0.152135	0.829064	0.721028	0.196533	0.0550464	0.12524	0.0206147	0.0157941	0.262293	0.144998	0.10006	0.159468	0.226147	0.0876673	0.103954	0.0988095	0.0222677	0.00523016	0.0229737	0.0272221	0.015286	0.0182597	0.77741	0.136684	0.0474663	0	0.419161	0.606569	0.0701587	0.0283244	0.127671	0.019639	0.0321188	0.036218	0.177606	0.2398	0.23427	0.163638	0.161446	0.172173	0.0822386	0.114614	0.250838	0.368179	0.501739	0.0883509	0.307703	0.38557	0.0111511	0.0551155	0.00979111	0.0114619	0.0601153	0.166068	0.185889	0.0685039	0.360582	0.360304	0.882817	0.0504175	0.448493	0.130155	0.036237	0.638467	0.905509	0.161188	
0.508099	0.206824	0.238164	0.813362	0.428948	0.0781921	0.170588	0.00322774	0.968703	0.00908291	0.00692946	0.0382946	0.0639763	0.0492849	0.083821	0.0671082	0.0790406	0.232616	0.806796	0.0484107	0.00436208	0.0134205	0.947912	0.926018	0.0614073	0.101487	0.082359	0.935208	0.00540039	0.00704211	0.821167	0.0704009	0.0514981	0.132226	0.127085	0.0958728	0.932894	0.0294718	0.0038771	0.0392295	0.928704	0.000713795	0.00326639	0.000881493	0.483938	0.0610775	0.157603	0.419161	0	0.0040606	0.929854	0.00689259	0.563392	0.0178863	0.929472	0.00174242	0.666212	0.157697	0.155397	0.163797	0.17794	0.290449	0.160827	0.147709	0.148282	0.474948	0.358725	0.0225782	0.341066	0.485142	0.00419143	0.922227	0.00355482	0.00270298	0.938015	0.200169	0.0956893	0.0624883	0.352667	0.35423	0.00485584	0.944969	0.302746	0.958462	0.825342	0.00302061	0.039959	0.0708053	
